(array([[58.9871    ,  0.29132314,  5.7774    , 11.1331    , 70.2088    ,
         2.5048    ],
       [58.7799    ,  0.2964876 ,  6.2168    , 10.4623    , 69.7413    ,
         2.521     ],
       [58.9888    ,  0.2786    ,  4.821     , 10.8579    , 69.3834    ,
         2.5385    ],
       [58.988     ,  0.26833884,  3.693     , 11.197     , 69.123     ,
         2.543     ],
       [58.8014    ,  0.2603405 ,  2.9332    , 11.304     , 68.7929    ,
         2.545     ],
       [58.5555    ,  0.2533843 ,  2.6155    , 11.225     , 68.4515    ,
         2.545     ],
       [58.8163    ,  0.21580083,  2.9444    , 10.5045    , 67.9994    ,
         2.547     ],
       [59.2215    ,  0.20088016,  2.7625    , 10.608     , 68.1605    ,
         2.547     ],
       [59.733     ,  0.19389256,  2.529     , 11.26      , 68.878     ,
         2.544     ],
       [59.7347    ,  0.20912231,  2.1657    , 11.4872    , 69.3163    ,
         2.5403    ],
       [59.811     ,  0.23617769,  1.7085    , 11.609     , 69.7135    ,
         2.536     ],
       [60.0224    ,  0.2705405 ,  1.4006    , 11.691     , 70.0627    ,
         2.5317    ],
       [60.2985    ,  0.30813058,  1.2145    , 12.0416    , 70.6658    ,
         2.5233    ],
       [60.1305    ,  0.2943843 ,  1.298     , 12.305     , 70.9845    ,
         2.5195    ],
       [59.7928    ,  0.27272314,  1.4115    , 12.4535    , 71.2956    ,
         2.515     ],
       [59.455     ,  0.25480165,  1.386     , 12.441     , 71.553     ,
         2.509     ],
       [59.3757    ,  0.24352893,  1.2963    , 12.421     , 71.5618    ,
         2.4975    ],
       [59.4865    ,  0.23609917,  1.3415    , 12.5085    , 71.4015    ,
         2.486     ],
       [58.8117    ,  0.33238347,  1.2558    , 12.2494    , 70.5016    ,
         2.4935    ],
       [58.481     ,  0.39902066,  1.1585    , 12.13      , 70.4165    ,
         2.507     ],
       [58.5496    ,  0.45412562,  1.1362    , 12.3859    , 70.3832    ,
         2.522     ],
       [59.0633    ,  0.5064405 ,  1.27      , 13.2679    , 69.604     ,
         2.548     ],
       [58.144     ,  0.3968843 ,  1.025     , 13.178     , 65.842     ,
         2.565     ],
       [57.562     ,  0.35677521,  1.0245    , 12.6777    , 64.8953    ,
         2.5662    ],
       [57.049     ,  0.32968182,  0.967     , 12.3215    , 64.469     ,
         2.5675    ],
       [56.7146    ,  0.31560248,  0.7774    , 12.2888    , 64.6829    ,
         2.5688    ],
       [55.9963    ,  0.33992479,  0.3709    , 12.4748    , 66.0496    ,
         2.5703    ],
       [55.4155    ,  0.36845041,  0.2765    , 12.2995    , 66.8125    ,
         2.5655    ],
       [55.0299    ,  0.39652314,  0.2333    , 12.0416    , 67.4973    ,
         2.5592    ],
       [55.031     ,  0.41601653,  0.212     , 11.767     , 68.127     ,
         2.556     ],
       [55.261     ,  0.37634298,  0.194     , 11.605     , 69.23      ,
         2.5475    ],
       [54.9536    ,  0.33585289,  0.1902    , 11.6905    , 69.6277    ,
         2.5405    ],
       [54.595     ,  0.31117355,  0.194     , 11.59      , 69.828     ,
         2.534     ],
       [53.7404    ,  0.33700744,  0.2983    , 11.7246    , 70.0063    ,
         2.5378    ],
       [53.582     ,  0.33541322,  1.328     , 10.476     , 66.995     ,
         2.536     ],
       [53.9776    ,  0.31974297,  1.311     , 10.4637    , 67.2563    ,
         2.5298    ],
       [54.5829    ,  0.27368099,  1.0395    , 10.7188    , 68.4993    ,
         2.5162    ],
       [54.829     ,  0.26450413,  1.037     , 10.655     , 69.104     ,
         2.511     ],
       [54.5955    ,  0.28269835,  1.312     , 10.293     , 69.1845    ,
         2.513     ],
       [54.2873    ,  0.27722149,  1.5318    , 10.4571    , 68.9286    ,
         2.5188    ],
       [54.03      ,  0.26085124,  1.731     , 10.75      , 68.713     ,
         2.525     ],
       [53.9465    ,  0.27997934,  1.857     , 11.0535    , 69.1225    ,
         2.5405    ],
       [54.2695    ,  0.30860165,  1.7852    , 11.2086    , 69.7081    ,
         2.5453    ],
       [55.701     ,  0.2802438 ,  0.8355    , 12.4585    , 68.6345    ,
         2.516     ],
       [68.309     ,  0.18096694, 14.518     ,  9.483     , 67.282     ,
         2.484     ],
       [68.0909    ,  0.20777851,  9.2842    ,  9.3791    , 66.7799    ,
         2.4845    ],
       [67.7625    ,  0.22839256, 10.9655    ,  9.278     , 66.5375    ,
         2.4815    ],
       [67.379     ,  0.21071901, 19.964     ,  9.409     , 67.019     ,
         2.477     ],
       [67.5826    ,  0.19517686, 16.7267    ,  9.5807    , 67.6152    ,
         2.4718    ],
       [67.8325    ,  0.19252066, 11.488     ,  9.7275    , 68.123     ,
         2.46      ],
       [67.8872    ,  0.2001438 ,  7.9006    ,  9.8368    , 68.3433    ,
         2.4475    ],
       [67.4875    ,  0.31802066,  4.759     , 10.228     , 67.6195    ,
         2.4505    ],
       [67.5455    ,  0.36940578,  5.1515    , 10.4501    , 67.2939    ,
         2.4745    ],
       [67.607     ,  0.40312397,  5.635     , 10.728     , 67.102     ,
         2.492     ],
       [68.065     ,  0.38840496,  4.2155    , 11.5655    , 67.3525    ,
         2.495     ],
       [68.6198    ,  0.35810165,  3.0264    , 11.8546    , 67.821     ,
         2.4915    ],
       [69.317     ,  0.3292314 ,  2.763     , 11.939     , 68.517     ,
         2.49      ],
       [69.8094    ,  0.30992893,  2.1937    , 11.9293    , 69.1979    ,
         2.4925    ],
       [70.438     ,  0.36500826,  1.252     , 12.25      , 69.935     ,
         2.488     ],
       [71.2625    ,  0.55811157,  1.083     , 12.793     , 69.42      ,
         2.498     ],
       [72.8735    ,  0.50242562,  1.493     , 12.6085    , 68.672     ,
         2.5045    ],
       [73.918     ,  0.39391736,  0.677     , 13.295     , 69.039     ,
         2.462     ],
       [75.7313    ,  0.40999669,  0.5882    , 13.8623    , 69.3502    ,
         2.4658    ],
       [76.8842    ,  0.49706777,  0.758     , 12.9488    , 69.2934    ,
         2.4927    ],
       [78.562     ,  0.4000124 ,  0.5375    , 13.1995    , 72.1555    ,
         2.4695    ],
       [77.933     ,  0.38680992,  0.535     , 13.219     , 72.496     ,
         2.457     ],
       [77.8515    ,  0.38911984,  0.52      , 13.1655    , 71.861     ,
         2.456     ],
       [77.544     ,  0.44322314,  0.556     , 13.156     , 70.923     ,
         2.469     ],
       [76.961     ,  0.39939669,  0.357     , 12.652     , 70.54      ,
         2.489     ],
       [76.9555    ,  0.37639256,  0.3215    , 12.4225    , 70.4785    ,
         2.4785    ],
       [75.011     ,  0.42494298,  0.6402    , 11.754     , 68.9092    ,
         2.516     ],
       [74.6435    ,  0.43032231,  0.6725    , 11.6705    , 68.9255    ,
         2.502     ],
       [75.8118    ,  0.44522562,  0.671     , 11.8818    , 70.0876    ,
         2.5283    ],
       [75.961     ,  0.43005785,  0.76      , 11.389     , 70.699     ,
         2.515     ],
       [77.298     ,  0.41690909,  0.4974    , 12.4812    , 70.5385    ,
         2.4757    ],
       [77.109     ,  0.39028926,  0.388     , 12.141     , 70.896     ,
         2.453     ],
       [75.8376    ,  0.36330578,  0.639     , 13.2628    , 68.7955    ,
         2.44      ],
       [75.475     ,  0.35977273,  0.7355    , 13.293     , 67.98      ,
         2.4445    ],
       [74.6175    ,  0.3627438 ,  0.7465    , 13.905     , 68.2355    ,
         2.442     ],
       [73.6812    ,  0.34720248,  0.8035    , 14.2823    , 67.9682    ,
         2.438     ]]), array([ 8.08137892,  5.7627229 ,  4.78926241,  5.13887487,  4.85357991,
        4.59412901,  6.26544397,  6.09427975,  5.01897444,  8.20624016,
        4.85093267,  4.25778672,  6.10207305,  4.02538901,  6.06199697,
        7.59078948,  7.04476076,  7.71313511,  4.94219282,  4.06312633,
        3.55529856,  8.43854282,  1.77196001,  2.15447491,  2.48920938,
        2.3360779 ,  3.35930646,  2.86256757,  3.50921302,  2.99461822,
        2.53742167,  2.66642512,  3.29578404,  3.20646007,  4.09164251,
        4.10617427,  2.94092061,  4.29708446,  3.26390815,  4.58879612,
        3.2178521 ,  3.47397978,  2.69935365,  3.50461045, 16.12148295,
       15.75106244, 15.91373829,  5.45820925,  7.68939688,  9.42889088,
        9.24012128,  8.3505379 ,  4.38346417,  2.54715687,  4.0900759 ,
        5.52632492,  5.0954942 ,  4.51483565,  3.02168734,  3.61178669,
        1.65882658,  2.14207388,  2.0782046 ,  1.86771261,  2.38918025,
        1.76809561,  1.70694745,  1.91527822,  2.11743843,  2.02637233,
        1.92844865,  2.85818802,  3.80990076,  3.91529532,  1.52435919,
        1.9030028 ,  1.81114357,  1.94083658,  1.98479768,  2.08236741]))0.9894477496914469